0.00022178496
0.00029779108
0.00061607064
0.0012497174
0.0020751452
0.0049667945
0.010620574
0.012333233
0.005838976
0.0011587858
-0.0023467445
-0.0054284145
-0.0096050485
-0.008738974
-0.0069870251
-0.0060968593
-0.0025911366
-0.0018726397
0.00032185308
0.0021515433
0.0019206031
-0.0022930174
-0.0056315295
-0.0080431665
-0.012433812
-0.014085005
-0.014519556
-0.01422544
-0.012460228
-0.010603708
-0.010775711
-0.011650662
-0.013235936
-0.014890435
-0.014556102
-0.013589297
-0.013765733
-0.014542493
-0.014386666
-0.012947696
-0.011029138
-0.010508732
-0.0094850519
-0.0081693536
-0.0059774186
-0.0034868206
-0.0015199183
-0.0027170573
-0.0043192353
-0.0052141931
-0.003638627
-0.0047385485
-0.0044675693
0.00096797078
0.0063936873
0.010804767
0.013362841
0.014676627
0.012917701
0.0098468166
0.0082455346
0.0096177468
0.010969034
0.012971339
0.016665191
0.014969934
0.015298687
0.015033238
0.015788606
0.017583374
0.020550754
0.021783746
0.023704962
0.026231053
0.025518303
0.025790508
0.025656223
0.024888056
0.023395947
0.022622626
0.024361644
0.02697254
0.029774619
0.029538596
0.027103334
0.021855054
0.017925435
0.01184818
0.011610322
0.013408616
0.015095253
0.015256637
0.014678483
0.010160766
0.0046339944
0.0014416079
-5.3148892e-05
-0.00016651062
0.0013104293
0.0030718
0.0040028952
0.0056572985
0.0062642714
0.0074619459
0.0078818543
0.0076018477
0.0072410387
0.0076518074
0.0074746746
0.0083633411
0.0086202216
0.0087909906
0.010631869
0.011277705
0.012115367
0.013978226
0.017653495
0.018220847
0.017641184
0.01884768
0.015805137
0.015375345
0.013802908
0.012929131
0.0086450278
0.0069326125
0.0078913985
0.0063487399
0.0025655219
0.00088788545
0.00025756955
-0.000186613
-0.0027486523
-0.0033956044
-0.0026629862
-0.0020262324
-0.0015179881
-0.00089881216
-0.00087025186
-2.7212888e-06
1.923043e-06
-8.0880071e-05
0.00013789288
0.00040003992
-0.0014079575
-0.0015694022
-0.0017023053
-0.00093008911
0.00013999904
0.004698078
0.0084850916
0.006293614
0.00024391636
-0.0054959295
-0.0084439134
-0.010462323
-0.010064741
-0.011702463
-0.012253823
-0.0082335082
-0.0080051145
-0.0047160456
-0.00053845867
0.0016214872
-0.0011238718
-0.0062789702
-0.009139596
-0.0090876879
-0.014481647
-0.018743198
-0.020334703
-0.017539159
-0.015301247
-0.015322203
-0.017048661
-0.018837273
-0.020203475
-0.021301832
-0.019493807
-0.01803862
-0.017928667
-0.018855823
-0.019073404
-0.0170921
-0.015622985
-0.013963061
-0.011782122
-0.0090538547
-0.0055733435
-0.0006479481
0.0010282787
0.0023057638
0.0050322669
0.0045091581
0.0044179656
0.0045402041
0.0086619604
0.015068316
0.019815698
0.023600374
0.026275766
0.026613766
0.02422307
0.023048418
0.023883687
0.02371368
0.024075499
0.025826911
0.026063454
0.024884208
0.025923902
0.02406384
0.024361466
0.024674369
0.02707755
0.027791317
0.02715518
0.028467495
0.029590913
0.028179907
0.026587892
0.026288735
0.02562701
0.023676848
0.023491321
0.025438257
0.024109617
0.022212154
0.020096706
0.014340916
0.010717537
0.010071457
0.0095044319
0.010565273
0.010894283
0.0090535724
0.006673185
0.0030136675
-0.0010211077
-0.0021099483
-0.0017360254
-0.0014763526
0.00106072
0.0034271325
0.0045287476
0.0061773917
0.006824203
0.0066380603
0.0068430264
0.0064315989
0.0062475092
0.0060849186
0.0062357821
0.0074525943
0.0084081903
0.0093463047
0.011346017
0.013684405
0.015327557
0.016283712
0.021009601
0.0234482
0.023075555
0.019269768
0.018062798
0.017167777
0.012845831
0.0098225584
0.0074139356
0.0037385286
0.0018641455
0.00065811096
-0.003086229
-0.0050032323
-0.0054950285
-0.0048560776
-0.0059426628
-0.0057075798
-0.0040581268
-0.0027763868
-0.002404943
-0.0023204401
-0.001861688
-0.0021180818
-0.0018532419
-0.0021071715
-0.0019408979
-0.0015186127
-0.0052431034
-0.0051169172
-0.005398413
-0.0053704046
-0.0057695566
-0.00080437017
0.0030409068
-0.00081796897
-0.0031780441
-0.0062660624
-0.013616547
-0.015721959
-0.015338506
-0.013980317
-0.014305649
-0.016072338
-0.017152401
-0.013636109
-0.0066628273
-0.0016758926
-0.004694006
-0.011185318
-0.012948036
-0.015106256
-0.020383024
-0.023986264
-0.02462621
-0.022307469
-0.020743272
-0.023417261
-0.027546962
-0.031564788
-0.03387166
-0.033655587
-0.031141374
-0.026916229
-0.027518006
-0.027667615
-0.026898783
-0.025263284
-0.023315143
-0.021064172
-0.016821741
-0.01214317
-0.0066871529
-0.0033778972
0.0010247356
0.0043123288
0.013201114
0.018055718
0.016191308
0.020275559
0.023780236
0.025471221
0.031437037
0.038035056
0.042109495
0.037029627
0.033881835
0.037247569
0.037405251
0.038763117
0.03684793
0.035781537
0.03693309
0.036146388
0.036468997
0.035570998
0.035061968
0.031912027
0.031452023
0.032526447
0.031936396
0.031045831
0.028765006
0.025147487
0.024537564
0.024532863
0.023077492
0.020661761
0.019637625
0.018384339
0.014426034
0.010381214
0.0077529643
0.0063190585
0.0043327551
0.0018653945
-0.0004255533
0.00043954636
0.00072779368
-0.00093967517
-0.0017313754
-0.0034720877
-0.0043014321
-0.0040721114
-0.0029496359
-0.00080805657
0.00090674221
0.0031349876
0.004678779
0.0053676966
0.0049836004
0.0047357827
0.0048221748
0.0042812961
0.0040312832
0.0037047814
0.0038475144
0.0038760238
0.0054138148
0.0069076136
0.0089781707
0.0089275982
0.017335662
0.020221387
0.02175907
0.01757028
0.014709999
0.011778721
0.012969532
0.012831435
0.0078678066
0.0040240251
0.0012567039
0.0009659805
-0.0045375121
-0.0066263065
-0.0086174155
-0.0090975923
-0.0091332423
-0.0080412512
-0.0067083963
-0.0046434112
-0.0046793783
-0.0040656668
-0.0037958946
-0.0031145771
-0.0041425957
-0.004102255
-0.0045057443
-0.0044000909
-0.0048398197
-0.0043699684
-0.0077091101
-0.0070323453
-0.0071776939
-0.0083280867
-0.0075961458
-0.0045361013
-0.0019369334
-0.0077724233
-0.011611987
-0.01279557
-0.018542669
-0.019577275
-0.021730751
-0.024170706
-0.023659999
-0.022151078
-0.021458643
-0.018274076
-0.012235809
-0.0098209266
-0.011405496
-0.015418009
-0.016100562
-0.020557754
-0.024818878
-0.028867531
-0.02915909
-0.030184619
-0.030965223
-0.032853976
-0.039225754
-0.044259695
-0.049354728
-0.047513826
-0.045533866
-0.043739444
-0.042337563
-0.041552457
-0.041253919
-0.040037352
-0.03621057
-0.030743081
-0.027976498
-0.022823601
-0.016710033
-0.01202203
-0.0033742896
0.005294031
0.016741466
0.024924879
0.030333763
0.034807465
0.035328333
0.034104382
0.037777818
0.047020468
0.051520349
0.044680138
0.046198112
0.051625196
0.050653153
0.050806919
0.050245219
0.048344568
0.04675538
0.046846595
0.048571202
0.048705718
0.045903384
0.04331237
0.039225184
0.037180387
0.034728777
0.033029384
0.026506678
0.022565161
0.022272606
0.02072851
0.016906363
0.011231846
0.0073536148
0.0058592957
0.0011198247
-0.0013898369
-0.0034797626
-0.0043615549
-0.0074403731
-0.0089411497
-0.010175216
-0.0095022669
-0.0079231979
-0.0077572688
-0.0067330407
-0.0065715943
-0.0063519341
-0.004998567
-0.0034661982
-0.002033499
-0.00085410443
0.00086855705
0.0021749677
0.0028543532
0.0032281745
0.0032787738
0.00218119
0.0016430293
0.0010555786
0.00087879337
0.00051493506
0.00096089854
0.0016559179
0.0035578041
0.004623391
0.0060547105
0.0097512645
0.008215187
0.0079410843
0.0052351563
0.0050681708
0.0028697442
0.0048556872
0.00290383
-0.00088675512
-0.0025832073
-0.0049992188
-0.0062558074
-0.0090427895
-0.012830899
-0.013166632
-0.012595753
-0.010696189
-0.0087186005
-0.0064229979
-0.0045525949
-0.004371578
-0.0042684495
-0.0049317366
-0.0059965679
-0.0063074503
-0.0056719828
-0.0065517295
-0.0068659324
-0.0076281037
-0.0077842853
-0.0090303877
-0.0077628081
-0.0080563332
-0.0084693115
-0.0082158926
-0.0054298384
-0.0088381898
-0.016241256
-0.020584279
-0.02225462
-0.024380848
-0.026703142
-0.02820703
-0.033195785
-0.03261953
-0.026220815
-0.023716046
-0.020041235
-0.015807207
-0.015699249
-0.017746388
-0.022324699
-0.024100185
-0.026481462
-0.030117128
-0.030970462
-0.035716331
-0.039777233
-0.044038658
-0.046701923
-0.051496836
-0.054666086
-0.058136254
-0.061970703
-0.059723513
-0.056070395
-0.054928082
-0.054026923
-0.051420206
-0.047961488
-0.042829241
-0.034990022
-0.033953444
-0.030197101
-0.024656901
-0.01429129
-0.0037699455
0.0058881603
0.011084404
0.020553017
0.026299945
0.034096489
0.040784111
0.042826842
0.049467544
0.053663306
0.052836393
0.052286945
0.053469538
0.054219919
0.054425174
0.058723843
0.060670042
0.059426572
0.059203266
0.057232032
0.058110526
0.057702562
0.05529322
0.048540373
0.045410045
0.041489655
0.03349341
0.028809091
0.025331373
0.019258189
0.016297935
0.010123319
0.0064596901
-0.0023589121
-0.0065037225
-0.0075004969
-0.0086983957
-0.01014018
-0.0099213569
-0.0092654283
-0.013272351
-0.014019917
-0.013780619
-0.012488047
-0.011421929
-0.01046144
-0.0088733531
-0.0082979421
-0.0060280221
-0.0045668041
-0.003106252
-0.001775531
-1.6531651e-05
0.0010127322
0.0016161205
0.0015028245
0.0011599249
0.0010966297
0.00065907481
0.00030593232
7.7113496e-05
-0.00018915723
-0.00071158941
-0.00077302583
-0.0011604156
-0.00045769124
-0.00039831666
0.0016649845
0.0026320978
0.00053108921
0.00081301929
-0.00089229994
-0.0012187267
-0.0022685165
-0.0026249153
-0.00311632
-0.0031533993
-0.0051325894
-0.0076186209
-0.0086498936
-0.010136702
-0.013346515
-0.015326573
-0.014803683
-0.01236855
-0.0089739656
-0.0061204089
-0.0054846019
-0.005100595
-0.0063909515
-0.0072055201
-0.0075000294
-0.0070791982
-0.0075623076
-0.0079393803
-0.0088838834
-0.0091523918
-0.0086392574
-0.0092848871
-0.0092785496
-0.0075342283
-0.0086008826
-0.0096199535
-0.01123407
-0.017097933
-0.023804397
-0.025421973
-0.024824891
-0.025967322
-0.028066964
-0.036553599
-0.036270407
-0.033841396
-0.023560238
-0.019058358
-0.014603504
-0.016651585
-0.017684448
-0.023644355
-0.027987289
-0.032376436
-0.036670332
-0.037727124
-0.040722893
-0.044507067
-0.046077195
-0.050266901
-0.053509222
-0.054904768
-0.056298447
-0.057504754
-0.061924482
-0.062412674
-0.06098753
-0.058521315
-0.057388664
-0.054610619
-0.046625117
-0.036160038
-0.025417313
-0.015629718
-0.013808137
-0.015219136
-0.014171965
-0.0026730571
0.0097125644
0.017102943
0.023153495
0.026715042
0.036162483
0.038799841
0.045581695
0.04637929
0.042655485
0.037513288
0.034574159
0.044015122
0.051029155
0.054651651
0.060310179
0.061491642
0.056686994
0.060132254
0.059604577
0.058677182
0.055544829
0.051316084
0.046653183
0.042412188
0.037290565
0.030369448
0.023046314
0.016401576
0.0127565
0.0082270073
0.0017462859
-0.0033036058
-0.0082149337
-0.013792191
-0.015171771
-0.016235328
-0.015762508
-0.01662738
-0.016311861
-0.015957188
-0.015436857
-0.013839365
-0.012742055
-0.010818627
-0.010563632
-0.0097157945
-0.0089572378
-0.0069356574
-0.0055325347
-0.0041804853
-0.0025596994
-0.0015188138
-0.001019471
-0.00098321852
-0.00090707348
-0.00063852748
-0.00028927841
0.00014386592
1.0657906e-05
6.3941103e-05
-1.5462071e-06
-0.00040661521
-0.00083950552
-0.0020434581
-0.0019060378
-0.0015962792
-0.0050283857
-0.0056155091
-0.003589577
-0.0029756899
-0.0011677292
-0.0010170952
4.1820077e-05
-0.0014034537
-0.0037015873
-0.0055481879
-0.0071627629
-0.0052716544
-0.0080611742
-0.011577433
-0.014999528
-0.018254634
-0.019291677
-0.014507437
-0.010582682
-0.0073649113
-0.0082424646
-0.0077894833
-0.0087715749
-0.0081125043
-0.0088301576
-0.0085576339
-0.0092869741
-0.0087389663
-0.0095172752
-0.0094118468
-0.010110253
-0.0089695061
-0.010167794
-0.010421523
-0.012988941
-0.013757549
-0.015796691
-0.021160464
-0.025533408
-0.024816536
-0.026928648
-0.026414465
-0.031173819
-0.036052845
-0.038440068
-0.03588018
-0.023416143
-0.015465679
-0.012335886
-0.014466674
-0.01827796
-0.024168657
-0.031597605
-0.03520619
-0.036834293
-0.038584656
-0.042994066
-0.046398683
-0.04996268
-0.049792609
-0.051557585
-0.055430449
-0.055763056
-0.057258555
-0.057868359
-0.061419533
-0.060528049
-0.057858678
-0.054751972
-0.045971359
-0.033253646
-0.020640497
-0.0080981921
-0.0067964353
-0.0045308723
-0.0016138482
0.0072458758
0.014734345
0.023735056
0.020603085
0.020448898
0.032655429
0.037760729
0.042537371
0.045599448
0.039805609
0.037565683
0.035216824
0.034646166
0.045801254
0.050047198
0.051768791
0.051420482
0.054087476
0.059538496
0.058165362
0.056460895
0.052332339
0.049475118
0.04533875
0.041225196
0.035716169
0.030109621
0.02532485
0.018386776
0.01038686
0.006388456
0.0026711184
-0.0026878225
-0.0063248384
-0.011047404
-0.012704944
-0.014306727
-0.01603748
-0.01498414
-0.015519752
-0.014915111
-0.014342608
-0.013694281
-0.011443875
-0.0099924402
-0.0080939916
-0.0083366251
-0.0079614092
-0.0063066596
-0.005177385
-0.0042640668
-0.0033103362
-0.0024771832
-0.0017375398
-0.0013762412
-0.0013077506
-0.0010784679
-0.00059182029
-0.000220159
0.0002838817
0.00049792641
0.00073210472
0.00067827544
0.0015249656
0.00091036124
-0.00044552622
-0.0015975198
-0.004545226
-0.010578477
-0.0070848669
-0.002495879
-0.00034832067
-0.00027922057
0.00074612155
0.0016156875
0.0021424014
-0.0012913832
-0.0079807336
-0.010695502
-0.013656553
-0.01332381
-0.012911521
-0.016409603
-0.020508682
-0.020213582
-0.014973285
-0.011887955
-0.0093296327
-0.0073554857
-0.0074013832
-0.0089443376
-0.0088295278
-0.0095221032
-0.0091812174
-0.0093373163
-0.0096436098
-0.0085101348
-0.0094649931
-0.0096562491
-0.0092424538
-0.01058606
-0.01343192
-0.015310935
-0.015423156
-0.015759359
-0.0195734
-0.0183491
-0.018519912
-0.021658743
-0.023603756
-0.028217808
-0.034762917
-0.039121951
-0.0352157
-0.020672173
-0.014590516
-0.011557434
-0.012172225
-0.013845993
-0.018200469
-0.022935927
-0.026835857
-0.030510194
-0.032950483
-0.035102608
-0.040940497
-0.044461349
-0.048038385
-0.052620272
-0.058007751
-0.058743424
-0.062396376
-0.06253875
-0.060813639
-0.0594917
-0.056415441
-0.045819605
-0.033412364
-0.019259716
-0.010510896
-0.0054205243
-0.0038777961
0.00036178226
0.00095416724
0.0040940163
0.010808403
0.01152518
0.015271788
0.022253031
0.025976779
0.027214079
0.029304036
0.029448694
0.023790232
0.025689603
0.031327532
0.038558187
0.045135262
0.049801231
0.052442548
0.049989192
0.052126806
0.051482003
0.049666413
0.045111976
0.043204328
0.03700946
0.033509575
0.031524261
0.027044312
0.022640634
0.018353543
0.0098916611
0.0045990615
0.0012303172
-0.0012369424
-0.0036921768
-0.0061637275
-0.0081093027
-0.0095594651
-0.010683915
-0.010426455
-0.01073514
-0.0096678207
-0.01010672
-0.0093308927
-0.0085319726
-0.008399571
-0.007814238
-0.0066251329
-0.0058396099
-0.0048045077
-0.0042573658
-0.0030386475
-0.002473464
-0.0021170458
-0.0021663631
-0.0016628433
-0.0010902346
-0.0011722507
-0.0016445691
-0.0010173968
-0.00087578971
-0.00037843965
-3.4546413e-05
0.00052613988
3.5020092e-05
0.0002528121
-0.00044885208
-0.00055434636
-0.00032325056
-0.0082745104
-0.011406362
-0.0026832183
-0.0013233025
0.0029524402
0.00052581852
0.00096305161
0.0036111094
0.0019401609
-0.0028992749
-0.0078228028
-0.011424882
-0.012963437
-0.013804363
-0.015738604
-0.019348909
-0.020855935
-0.016708452
-0.013389117
-0.010284612
-0.008809225
-0.0082010435
-0.0063379236
-0.007149558
-0.0073078937
-0.0079615345
-0.0081387441
-0.0075687412
-0.0074565978
-0.0069932855
-0.0078770811
-0.0087088947
-0.0096579084
-0.010682093
-0.014754136
-0.01514572
-0.013600477
-0.014521734
-0.013936327
-0.014799334
-0.015139712
-0.017533667
-0.021365825
-0.026478151
-0.031498641
-0.03325958
-0.029956346
-0.018573262
-0.014288485
-0.01447535
-0.012910746
-0.011185816
-0.01144315
-0.014044775
-0.017703834
-0.021879812
-0.027120149
-0.03030546
-0.03586591
-0.039911745
-0.046828798
-0.053442985
-0.05728724
-0.062798764
-0.065268965
-0.067249616
-0.066736727
-0.064094338
-0.057781496
-0.047179622
-0.03602818
-0.027651636
-0.022573599
-0.020402101
-0.011757884
-0.0071981304
-0.0042751931
-0.0039821814
0.0050404751
0.0062620447
0.0094351001
0.011279701
0.0174879
0.019100933
0.020175343
0.024500317
0.027723459
0.033192307
0.034854251
0.040008774
0.043312635
0.04598703
0.04687869
0.045049425
0.043891052
0.043250968
0.042115926
0.039661633
0.034306549
0.029772436
0.027369674
0.024941017
0.022094899
0.019031239
0.01439788
0.0099727685
0.0050716698
0.0026504997
-0.00098039106
-0.00086876178
-0.0034060372
-0.0031245853
-0.0035678495
-0.0038098796
-0.0037172756
-0.0047149379
-0.004477224
-0.00512206
-0.0050414498
-0.00371435
-0.0033218067
-0.0036801819
-0.0029620601
-0.0020272048
-0.0024494756
-0.0014078352
-0.00013221389
7.8277777e-05
-0.00023294919
5.0992827e-05
-0.0001411043
-0.00038649248
-0.0012877382
-0.0014793587
-0.0013813635
-0.00094473133
-0.000650106
-5.7864867e-05
-0.0003057182
-0.00097605009
-0.00084682214
-0.00099562664
0.00031173947
0.0018122879
-0.0049553373
-0.0086861968
-0.0034019052
0.0017923782
0.0043402382
0.0014468656
-0.0012626671
-0.0013451409
-0.0029698493
-0.0049036002
-0.0064435439
-0.0091369961
-0.012030465
-0.01332266
-0.014766614
-0.013899986
-0.011482702
-0.0078447992
-0.0057230213
-0.0040670579
-0.0043285635
-0.004766903
-0.0030600451
-0.0024205558
-0.0030303713
-0.0043602883
-0.005468031
-0.0051948434
-0.0052334471
-0.005774815
-0.0066407386
-0.0086833961
-0.0084139355
-0.0075831191
-0.012065548
-0.012670014
-0.011193962
-0.012476699
-0.011967442
-0.014033316
-0.015084022
-0.015027157
-0.019627988
-0.02687884
-0.031355264
-0.033420916
-0.027436493
-0.019845814
-0.015737793
-0.01554527
-0.014191027
-0.012855465
-0.012198537
-0.013383304
-0.016371539
-0.019897072
-0.02633895
-0.031440318
-0.0353359
-0.040481468
-0.045067386
-0.050536036
-0.054557994
-0.058584187
-0.059933409
-0.065399927
-0.065761167
-0.064886802
-0.058546546
-0.049327915
-0.039447402
-0.033871334
-0.031081416
-0.022464191
-0.015846481
-0.01065043
-0.004171981
-0.0036645422
0.0061962286
0.0063505452
0.0046989693
0.0098207309
0.013984643
0.013740401
0.018652585
0.023064453
0.02367595
0.026547108
0.028502371
0.032397419
0.035948819
0.036424679
0.037669054
0.036083729
0.034088307
0.034072805
0.030715545
0.028978714
0.026169533
0.025653125
0.023511289
0.023462313
0.022722821
0.018529474
0.016191404
0.013150313
0.0070116588
0.0042813714
0.0025049779
0.0016706142
0.0014629056
0.0019096669
0.0010754474
-0.00012126177
-0.00064057165
-0.0020853273
-0.0017844582
-0.001304325
-0.0017087906
-0.00066270773
-0.00043355471
-0.00051483801
-0.0010665652
-0.00013877517
-0.0005929641
0.00018335617
0.00034926135
0.00036525053
-0.00034184453
0.0014383895
0.00084334222
0.0006556143
-0.0003579298
-0.00081632082
-0.00063421819
0.000602759
0.00012420435
-0.00010411357
-0.00046312385
-0.0009610955
-0.0010921176
0.00070693616
0.00062378727
0.00085740509
-0.0019769342
-0.004220831
-0.0044473831
0.0019207892
0.0040634041
0.0024374079
0.00051363773
-0.003636204
-0.0049804562
-0.0035801528
-0.0035690652
-0.0046828877
-0.006816944
-0.0075388948
-0.0071733054
-0.0046320004
-0.0031873829
0.00013578474
0.002971743
0.0016707165
0.00075717742
0.0019342996
0.0023216007
0.00080432285
0.00059872379
0.0019275928
-0.00076701441
-0.0027259803
-0.00041937516
-0.0031220852
-0.0052418574
-0.0074847974
-0.0053625187
-0.0072989743
-0.010393568
-0.011473549
-0.011478346
-0.012255234
-0.012970065
-0.016019133
-0.016526848
-0.017847418
-0.020932355
-0.024069066
-0.030424216
-0.033401264
-0.032313077
-0.026290616
-0.019987293
-0.018063411
-0.016565862
-0.014932833
-0.014602501
-0.014035215
-0.015237192
-0.018512672
-0.02445242
-0.029026095
-0.034377277
-0.037665705
-0.042220412
-0.046124093
-0.049474951
-0.052651203
-0.057220689
-0.057309873
-0.059900442
-0.057789521
-0.051271852
-0.043912802
-0.037486379
-0.031186963
-0.026685216
-0.022795763
-0.017161569
-0.0068637089
0.0020556748
0.011111523
0.012561941
0.01091953
0.012252344
0.01315337
0.016713135
0.021143509
0.023932226
0.024631167
0.024810042
0.025990793
0.026369659
0.025609531
0.028397668
0.028604264
0.028098167
0.024995644
0.026468855
0.02555208
0.025641324
0.023606439
0.02406457
0.021742298
0.020628557
0.019794893
0.019950276
0.018169342
0.014838151
0.013125421
0.008402559
0.0047788724
0.0030767156
0.00033567484
0.0021346417
0.0023322045
0.0013606641
0.00034943609
-0.00040458608
-0.0010899869
-0.00010645012
0.00012211739
0.00056631949
0.0010847539
0.0012539828
0.0012229534
0.0011840683
0.0027381545
0.0025932918
0.0034678341
0.0030816714
0.0026490645
0.0021097888
0.003355896
0.0048321719
0.0036762129
0.0037253602
0.004651558
0.0039554286
0.0028113093
0.00395212
0.0033143286
0.003061905
0.0025947027
0.0024706686
0.0024646738
0.00053816009
-0.001471358
-0.0009425668
0.0029927101
0.00096054587
0.00021118753
0.0018686894
0.0032183264
0.0038565944
-0.00023446042
-0.0021355743
-0.0020808485
-0.0012180225
-0.00083743906
-0.0015100704
-0.00086103111
0.00018711676
0.0023170145
0.0044375381
0.0061241391
0.0070601608
0.0078943765
0.0093774209
0.007010898
0.0071909117
0.0084255021
0.0073409991
0.0055697143
0.0017904127
-0.00062809207
-0.00074130832
-0.0013494849
-0.0031268257
-0.0038635606
-0.0058598726
-0.0079233311
-0.0074038082
-0.0079142966
-0.010621861
-0.011294551
-0.012710122
-0.013746857
-0.013841303
-0.015351249
-0.015995954
-0.017766387
-0.019167683
-0.021069921
-0.02317901
-0.023604158
-0.021166833
-0.019472548
-0.017120085
-0.01596196
-0.01549857
-0.015495241
-0.01675239
-0.018163002
-0.019903952
-0.024449223
-0.028051404
-0.031578118
-0.035346866
-0.040717968
-0.042785773
-0.044202733
-0.045964744
-0.045344985
-0.047982013
-0.044577379
-0.040086482
-0.033845784
-0.029120449
-0.022137905
-0.017857949
-0.013884825
-0.0074176922
-0.00060767644
0.013768025
0.019950337
0.019595657
0.022195679
0.022017533
0.021236014
0.023441714
0.028265742
0.029500428
0.027395759
0.029415546
0.029420342
0.029709276
0.029077603
0.028596568
0.029024626
0.028819242
0.026066042
0.02298833
0.022837523
0.021629289
0.020839669
0.020693064
0.018061488
0.015355477
0.014415659
0.011323101
0.0079375648
0.0026196231
0.00034158367
-0.0032214
-0.0066519285
-0.006893708
-0.0069644087
-0.0047122495
-0.0048412286
-0.0051792914
-0.0047415795
-0.0033408406
-0.00092685559
-0.0013518837
-0.002058176
-0.00022002963
0.0034842283
0.0036858656
0.005402382
0.0066765534
0.0091911975
0.0091997495
0.010517275
0.013251089
0.015139989
0.015465032
0.01566889
0.015411486
0.012883197
0.012183982
0.011420654
0.0098439515
0.0078498196
0.0086055256
0.0072431482
0.0068711684
0.006520724
0.0050348019
0.0030281387
0.0012946534
-0.0012244209
0.0023280648
0.0067404331
0.0079526093
0.0051493981
0.0043540916
0.0045011257
0.0043137853
0.0024200951
0.0010914474
0.0014818661
0.0018425113
0.0017789213
0.0017843547
0.0042656808
0.0045930212
0.0071763225
0.0092574575
0.0091531594
0.009927544
0.010969489
0.012085982
0.011116512
0.009596699
0.0084748926
0.007696856
0.0062069349
0.0022572622
5.2112963e-05
-0.0022397077
-0.0034567485
-0.0043771829
-0.0042194698
-0.0048078977
-0.0055163097
-0.0051971312
-0.0054593579
-0.0047225398
-0.0050277075
-0.0081990766
-0.0090911449
-0.0093404661
-0.0094670717
-0.0094358931
-0.010226596
-0.0096737834
-0.010134825
-0.010985749
-0.015283558
-0.019125545
-0.018242237
-0.016806361
-0.013797359
-0.011578463
-0.012794179
-0.013035841
-0.015947837
-0.016828359
-0.019125939
-0.022289192
-0.023702906
-0.027358292
-0.029512733
-0.031182136
-0.03193471
-0.034084497
-0.034285271
-0.031630555
-0.028345533
-0.024512325
-0.018330251
-0.013063148
-0.0096050031
-0.0078996877
-0.0045942422
-0.00021918363
0.0063601431
0.016224972
0.024782021
0.025689146
0.025989498
0.024565554
0.024055505
0.027594212
0.032418618
0.03262497
0.031499582
0.028848325
0.027081254
0.028620375
0.02888728
0.030095255
0.029457573
0.026246061
0.023436754
0.021649893
0.01842415
0.018582656
0.016725436
0.015700374
0.012662315
0.009108518
0.006464594
0.0020795849
-0.0021240287
-0.00335755
-0.0065056366
-0.0098104868
-0.011140808
-0.011282525
-0.0096409865
-0.0069289029
-0.0068681843
-0.0062852166
-0.0034220914
-0.0017811926
-0.00047057197
0.00010297924
0.0011131426
0.0042902329
0.0059096851
0.0062203857
0.0073427062
0.010211699
0.010604473
0.011763558
0.013715406
0.016718484
0.018190528
0.020396428
0.02208592
0.021111664
0.019700354
0.014912327
0.010880578
0.0077369065
0.0050813103
0.0052661621
0.0061995338
0.0060378446
0.0051693975
0.0036597404
0.0042421476
0.0010796069
0.0038787521
0.0066238928
0.0096616403
0.0063107299
0.0053505299
0.0068720542
0.0050498823
0.0051054444
0.0034100902
0.0050934542
0.0066891833
0.0082129795
0.0077890678
0.0076904146
0.0086765941
0.0095144999
0.0093484002
0.011479304
0.012885861
0.014924604
0.016349085
0.016458514
0.017961728
0.0175981
0.015633545
0.012550737
0.0089628174
0.0083414506
0.006277529
0.0018087097
-0.00050107537
-0.0026525443
-0.003658195
-0.00063595903
-0.0026149934
-0.0033143058
-0.0014450283
-0.00029386782
-0.0011377059
-0.0017635062
-0.0016574987
-0.0019310251
-0.0031949117
-0.0032710009
-0.0029475415
-0.0020516428
-0.0026758015
-0.0042006176
-0.0045700859
-0.011266119
-0.012533299
-0.011393797
-0.010280289
-0.0098663165
-0.0085989768
-0.0091562652
-0.0098841752
-0.012017952
-0.013024626
-0.015386891
-0.016418673
-0.017773266
-0.017830616
-0.020021533
-0.021464431
-0.024237949
-0.023083432
-0.019620914
-0.013237774
-0.011111645
-0.0064396078
-0.0034064175
-0.0017793701
9.8974002e-05
0.003386642
0.0071163312
0.011246383
0.017574262
0.022350493
0.024041603
0.022741062
0.023024858
0.02401525
0.026003028
0.027806602
0.028714139
0.028135796
0.025015659
0.024357935
0.02635202
0.026345064
0.024599458
0.022658823
0.020336537
0.018383763
0.015882834
0.013270357
0.011550844
0.011137111
0.010087133
0.0080901476
0.0046280737
0.0011756734
-0.0022509854
-0.0058277107
-0.005836571
-0.0076512193
-0.0084441372
-0.0096114053
-0.0088910852
-0.010262092
-0.0082333319
-0.0064223681
-0.0055818543
-0.0044601582
-0.0026306547
-0.0019819548
0.0005450364
0.0030337183
0.0058938733
0.0081168846
0.0098672328
0.010071831
0.011335431
0.012554916
0.014044537
0.014241614
0.018709394
0.019980487
0.022464921
0.021442287
0.022533561
0.02103029
0.016252546
0.012223133
0.0071939139
0.0054023102
0.0051615598
0.0049121357
0.0050979767
0.0050774526
0.0051214746
0.0040125034
0.0056553294
0.0087003902
0.009343141
0.0090303227
0.0071366198
0.0062877403
0.0062821479
0.0056908539
0.0053469573
0.0054672757
0.0062067108
0.0084080647
0.0089536345
0.0092827227
0.0087970122
0.0096043741
0.010455283
0.011559181
0.013846069
0.015896332
0.017923486
0.02023026
0.02198116
0.023215777
0.024525775
0.02396217
0.020399622
0.017156995
0.016111836
0.013906608
0.011001008
0.0069662463
0.0035171114
0.0006102767
0.0031454624
0.00088184663
0.00073634408
-0.0001114791
0.00057085899
0.0011538861
0.002658057
0.002652817
0.0024386909
0.0034103192
0.0025752519
0.0028545448
0.0030921209
0.0025198632
0.0010887589
0.0013005275
-0.0041105071
-0.0043142948
-0.0052827858
-0.0044255819
-0.0050305377
-0.0047078046
-0.0056232795
-0.0057648974
-0.006194785
-0.006198592
-0.0076411478
-0.0087174988
-0.010108899
-0.010135462
-0.010456636
-0.011958893
-0.014036626
-0.014628608
-0.012046841
-0.0086986357
-0.0046756593
-0.0015215328
0.0014066123
0.0039243098
0.0049091633
0.0060354905
0.010595411
0.013262306
0.015678937
0.017116242
0.017719731
0.018935748
0.019834549
0.018687062
0.018894187
0.020628536
0.021331942
0.021726521
0.019957748
0.01862227
0.018856867
0.017587115
0.016039635
0.013800805
0.011245025
0.0096502411
0.0089999209
0.0068194791
0.0056542579
0.0038937944
0.0027601549
0.0011867474
-0.0012390911
-0.0038505084
-0.005898911
-0.0067935729
-0.0072832912
-0.0074783787
-0.0084973683
-0.0095772106
-0.009073709
-0.0097815785
-0.0092878104
-0.0077571374
-0.004950784
-0.0049229023
-0.0047217098
-0.0033313338
-0.0021598472
0.0015846878
0.004447729
0.0082150201
0.009859134
0.011893443
0.013117023
0.013287456
0.013488793
0.0157984
0.018208861
0.019743013
0.020928349
0.022423414
0.022074279
0.019516753
0.01600998
0.011609165
0.010013965
0.0067940053
0.0048894015
0.0045442803
0.0054609081
0.004096848
0.0060484105
0.008010757
0.0094533905
0.010381617
0.010848076
0.010464052
0.0077406832
0.0068341775
0.0062560556
0.0069598663
0.0064804248
0.0058753923
0.0067811845
0.0075739586
0.0082133307
0.00833094
0.0080889995
0.00853222
0.0090969555
0.0086910968
0.01020031
0.012463782
0.013948084
0.01745434
0.020860464
0.023991909
0.026331311
0.026446227
0.025118558
0.024526523
0.022358613
0.019521104
0.017144135
0.011861801
0.0098606914
0.0057967418
0.0082500007
0.0058551297
0.0050071666
0.0037320112
0.0025247729
0.0022137776
0.0032781291
0.0042658382
0.0042253457
0.0042466899
0.0042857661
0.0036645926
0.0039028525
0.0043018603
0.0030090991
0.002608774
0.002044691
-0.00054687939
-0.0017190331
-0.0021715903
-0.0027157261
-0.002134701
-0.0031328613
-0.0037187962
-0.003812238
-0.0030668169
-0.0038449734
-0.0044975789
-0.0052859302
-0.0055535341
-0.0063848993
-0.0070636152
-0.008148699
-0.0094804841
-0.008613012
-0.0060455149
-0.0038154189
-0.0013986043
0.0022806598
0.0026341565
0.0032847398
0.0041889549
0.0073035413
0.010061864
0.0099403946
0.011470319
0.012576527
0.012942993
0.014440726
0.012506485
0.011050801
0.01206697
0.013069924
0.013254248
0.013067013
0.012455435
0.010788899
0.008351735
0.0074104098
0.0061475787
0.0040035122
0.001919072
0.0011817883
0.00033337754
-0.00069670631
-0.0014210096
-0.0017469266
-0.0027965646
-0.0040452669
-0.0056226914
-0.0063288777
-0.0070844948
-0.0086383606
-0.0089213703
-0.0094477038
-0.0093595213
-0.0085054871
-0.0097557982
-0.0090698814
-0.0066638152
-0.0046411449
-0.0032347433
-0.002897326
-0.0018352951
-0.00074653004
0.00012043418
0.0025906512
0.0049296108
0.0058202612
0.0070988894
0.0082338066
0.010297791
0.011703814
0.012468175
0.01299092
0.015070791
0.018736897
0.019792586
0.018854219
0.018590814
0.016361767
0.013289549
0.011319517
0.0086240366
0.0057408305
0.0043883871
0.0060365196
0.0066569013
0.0073838077
0.010415967
0.011613699
0.012190291
0.010857076
0.0098883074
0.0084867168
0.0065672458
0.0066503087
0.0061127557
0.0057003892
0.0055085074
0.0052570383
0.0053011116
0.00567311
0.0057726903
0.005892352
0.0059351714
0.0066878105
0.0071508447
0.0074884603
0.0090688132
0.010430444
0.012397146
0.014487593
0.017391463
0.021080719
0.024162698
0.024764139
0.023961585
0.025242127
0.024054825
0.021204492
0.018687915
0.014567226
0.011802725
0.01204494
0.009796843
0.0077307295
0.0072176973
0.0070360839
0.0061503354
0.005384924
0.0060918485
0.0054044827
0.0059990048
0.0053609855
0.0063161009
0.0062943495
0.0059865655
0.0045947572
0.0048242609
0.0048821513
0.0016806748
0.00031686977
-0.0010435488
-0.0015878791
-0.0024251974
-0.003189846
-0.0033175258
-0.0040308213
-0.0042903331
-0.0044671823
-0.0044053192
-0.0049831839
-0.0049635872
-0.0052260007
-0.0053336083
-0.0063984981
-0.007155934
-0.0077090779
-0.0070509401
-0.0048539865
-0.0026562794
8.7814123e-05
-0.00029133008
0.00014142175
0.00090173246
0.00037184488
0.0013758835
0.0039499488
0.0050747399
0.0071253442
0.0076472026
0.0083636881
0.0063483888
0.0034649467
0.0043390398
0.0053436226
0.0070117634
0.0061225715
0.0060899575
0.0062150698
0.0043573862
0.0031504315
0.0018278249
0.00098489349
7.1876624e-05
-0.0010281715
-0.0024161222
-0.0035854784
-0.0034145709
-0.0031376772
-0.0036741288
-0.0050161049
-0.0056981825
-0.0061586085
-0.0068984013
-0.0079458632
-0.0096377199
-0.0098594503
-0.010532992
-0.0099212326
-0.0094929959
-0.0076831321
-0.006249748
-0.003133516
-0.00085704101
-0.00076188416
1.5644142e-05
0.0016821897
0.00082063055
0.0019601086
0.002166285
0.0014451041
0.0023046163
0.0043017466
0.004966996
0.0058833252
0.0072651247
0.0077184185
0.0099776281
0.012867514
0.015402329
0.014544361
0.014537671
0.013629743
0.013727751
0.0098444204
0.0084644309
0.0065603409
0.0054309476
0.0062440232
0.0059012558
0.0069760454
0.0079569208
0.0081855589
0.0088491018
0.0077359441
0.0060139559
0.0060583079
0.004819851
0.0050241409
0.0042457261
0.0038939915
0.0044512679
0.0040504698
0.0034552862
0.0034781899
0.003830355
0.0041310663
0.0038416176
0.0033637576
0.0045183205
0.0052708345
0.0066289459
0.0079809262
0.0090255121
0.011042309
0.012059389
0.014610058
0.017681931
0.018973025
0.01899852
0.019717153
0.019435426
0.018519995
0.017863568
0.016470548
0.013897266
