0.0042107304
0.003511146
0.002961926
0.0022199122
0.0012889338
-0.00018035723
0.002508444
0.011280457
0.016410845
0.015904816
0.015404793
0.01421293
0.011581827
0.0064636549
0.0057293018
0.0025398552
0.0022242437
0.003061484
0.0030356209
0.0052426898
0.0097755723
0.012562467
0.011590691
0.011678187
0.010157348
0.006672717
0.004461825
0.001571459
-0.00029094844
-0.00067403527
0.00015762691
0.00015318753
0.000200526
-0.0018314675
-0.0043664581
-0.0055047264
-0.0059536255
-0.0079377675
-0.010367455
-0.012989784
-0.013729211
-0.014531422
-0.015785729
-0.017406704
-0.018600269
-0.018813473
-0.016611305
-0.01507613
-0.015543596
-0.017642411
-0.019065629
-0.019557052
-0.024632639
-0.028313704
-0.027615704
-0.025269917
-0.021976521
-0.018081317
-0.014047547
-0.013403214
-0.015360197
-0.018073361
-0.018105456
-0.019699391
-0.016837618
-0.014552136
-0.014758675
-0.014284
-0.015436802
-0.016234341
-0.015831135
-0.014022515
-0.014195568
-0.011363537
-0.0086705628
-0.0070786377
-0.0043112847
-0.0024178934
-0.00055675034
-0.00095759046
-0.0014111481
-0.00070516989
0.0032200772
0.0082916825
0.013722289
0.016058919
0.016860272
0.01480216
0.009769706
0.0091579004
0.009687801
0.012097851
0.01479099
0.01791458
0.016052814
0.013239374
0.0092538128
0.0059236344
0.0027238363
0.00211571
0.00073943758
0.00099099952
0.00083764423
0.001141741
0.0016806903
0.0022693144
0.0016760003
0.0016353973
0.0013099339
0.00083237999
0.00099878439
-6.3483717e-05
-0.00059748491
0.00022321613
-0.0002110808
-0.00028252774
0.00093194938
0.0055796225
0.0064118297
0.010941329
0.013041559
0.013022243
0.013689965
0.015558056
0.016751423
0.013932726
0.014513822
0.017212849
0.016835115
0.014757894
0.01324456
0.01295543
0.012069148
0.0089076132
0.007353197
0.0066045853
0.0059088619
0.0056294169
0.0051017074
0.0046946358
0.0051751281
0.0046934126
0.0044268563
0.0042975009
0.0044831665
0.0046401097
0.003553293
0.0029884107
0.0013134675
0.0014295531
0.0070347276
0.013825893
0.016893031
0.015910154
0.013408956
0.010690034
0.007828328
0.0076174459
0.002704217
0.001080502
0.0004123779
-0.0017278758
-0.00024264696
0.0046805208
0.010028053
0.011337939
0.0087812936
0.0095366271
0.011097382
0.0075480956
0.0026548301
-0.0018688132
-0.0014956521
-0.0010904496
-0.0010019995
-0.0027521619
-0.0042359364
-0.0082602386
-0.011279198
-0.012373338
-0.01309107
-0.014901041
-0.018408356
-0.021484506
-0.023313926
-0.025988158
-0.028001738
-0.030338883
-0.032231917
-0.03215073
-0.029630285
-0.030594758
-0.028907812
-0.027883311
-0.028740906
-0.031705328
-0.035411903
-0.035123649
-0.032347271
-0.029386408
-0.025044905
-0.019843994
-0.016218341
-0.016518269
-0.015822924
-0.015280237
-0.014820729
-0.013993822
-0.010662546
-0.01024602
-0.008309734
-0.0065634766
-0.0069423696
-0.0069796849
-0.0070706219
-0.0041772872
-0.0033035764
-0.0026456736
6.9066793e-05
0.003483999
0.0046085003
0.0063202275
0.0087334187
0.01004714
0.0091693378
0.011002757
0.014621458
0.016134645
0.018926964
0.019937099
0.016495262
0.014753771
0.013436568
0.012878912
0.014616902
0.015885346
0.016434166
0.016515977
0.013859193
0.0092732871
0.006345781
0.0031426926
0.00043237586
0.00041291383
0.00040662408
0.00078274569
0.0019742736
0.0022699528
0.002361866
0.0025398217
0.001998085
0.0015926105
0.00039107881
-0.00057566154
-0.00080144768
-0.0016750699
-0.0021686264
-0.0018133447
-0.00029997825
-0.00037285622
0.0010367821
0.0064694563
0.012134803
0.016132201
0.016330153
0.019332345
0.020664045
0.02062643
0.021186302
0.02097995
0.018896682
0.019354319
0.01809257
0.015263785
0.01215666
0.010939579
0.009896045
0.0070128138
0.0059536173
0.0059448827
0.0062605672
0.0059068727
0.0059088487
0.0058978535
0.0055772124
0.0055428501
0.0046980792
0.0047125178
0.0056031002
0.0049846296
0.0046738535
0.0041465192
0.0022062822
0.00045819756
0.0071819924
0.011815789
0.012429913
0.015871708
0.014592513
0.0091841502
0.0062760844
0.0047913071
0.005415056
0.0038917286
-0.00019070601
-0.0050610548
-0.0052374435
0.00035034446
0.0082413838
0.009015647
0.0077123709
0.0093429989
0.009253819
0.0054023223
0.00068084661
-0.0019451563
-0.00058220729
0.00096435412
-8.1451833e-05
-0.0035259239
-0.0087896036
-0.014778667
-0.020256683
-0.02205141
-0.022284417
-0.026176519
-0.029463965
-0.033617161
-0.036520592
-0.041306435
-0.044502435
-0.047521097
-0.047986993
-0.048726124
-0.04896178
-0.051133273
-0.052061446
-0.044752554
-0.043530709
-0.044837987
-0.041608821
-0.041444769
-0.041296503
-0.036930753
-0.027073294
-0.018873895
-0.020787013
-0.019465539
-0.016715523
-0.014096771
-0.01023552
-0.010187024
-0.0073479253
-0.0052530583
-0.0023934961
0.00031736785
0.0037140883
0.0053736514
0.0046762968
0.0066656844
0.0087198836
0.011241786
0.014114811
0.015189748
0.014827546
0.016678376
0.019126143
0.020515708
0.020746565
0.023034275
0.024393013
0.02346478
0.021087681
0.019487053
0.01891221
0.018159026
0.015460064
0.012657469
0.01314912
0.012329148
0.011226094
0.0098019911
0.0069491288
0.0040503845
0.0013169866
-0.00014928176
-0.00052259012
-0.0008164447
0.00042563591
0.0014522411
0.0027008934
0.0024425962
0.0030059895
0.0027590156
0.0029414034
0.0017667572
0.001415292
-0.00053764484
-0.0011215272
-0.0026445131
-0.0013989566
-0.0044983289
-0.0046253915
0.0020625486
0.0079192111
0.014464403
0.014958215
0.015933362
0.014337504
0.019650628
0.020726819
0.021446591
0.018691625
0.020358051
0.019619784
0.016671155
0.014132329
0.011092015
0.0082061096
0.0064634497
0.0048423592
0.0052009823
0.0056214492
0.005558023
0.0053713126
0.0062678136
0.0065322698
0.006213335
0.0060795818
0.0059715237
0.0055630946
0.0055714786
0.0054389535
0.0053149459
0.0064318205
0.0059132594
0.0046943441
0.0047036582
0.010626072
0.015995611
0.01321712
0.014977517
0.013930457
0.010536007
0.0098744128
0.0060656897
0.0024642934
0.0001144724
-0.0023289746
-0.0057542739
-0.0044631632
0.00020586465
0.0053338764
0.0061495306
0.0072113102
0.0098489382
0.0092037097
0.0068866084
0.0031507374
0.003079345
0.0016300325
0.0039695805
0.0027265525
-0.00092695437
-0.0087763725
-0.017916317
-0.022331692
-0.02693007
-0.030378135
-0.03448418
-0.039071576
-0.045162035
-0.051385993
-0.055252354
-0.058112383
-0.063510008
-0.065527017
-0.069562541
-0.073078577
-0.075213306
-0.074280221
-0.068123875
-0.062676132
-0.055919016
-0.049542567
-0.047825554
-0.049422581
-0.046106293
-0.033382568
-0.027076265
-0.030085956
-0.024186886
-0.019011755
-0.015382109
-0.010815558
-0.0066871835
-0.0048964704
-0.0030302082
0.00041607435
0.0070675232
0.011859726
0.016351615
0.018806368
0.020765951
0.022637235
0.026228221
0.029566042
0.027587173
0.027695533
0.030543765
0.033327134
0.034205307
0.031311384
0.030920327
0.029501802
0.025824611
0.023214658
0.021541153
0.020064574
0.016536223
0.013951173
0.0096843299
0.0085099269
0.0068280194
0.0054476438
0.0044436467
0.0027368287
0.00090074469
0.00032274541
-0.00016269945
-9.6463529e-05
-0.00029172247
0.00074270884
0.0016076179
0.00283002
0.0039781231
0.0049640382
0.004493715
0.0046484333
0.0038460815
0.0035550561
0.0020622358
0.0018165199
0.00072897993
0.0024603893
0.00045869204
0.0042107465
0.0075265328
0.0098396842
0.011282769
0.012102358
0.012423102
0.012355229
0.016751262
0.016277462
0.016290034
0.015379211
0.014933504
0.015108256
0.012058833
0.0075186675
0.0049801709
0.002230492
0.0014437656
0.0010677296
0.0028870704
0.0041153678
0.0053296313
0.006297622
0.0067018292
0.0056464185
0.0061621505
0.0066619928
0.0065576264
0.0064989922
0.0057762661
0.0066302823
0.0072139771
0.0083657752
0.0092732031
0.0090222299
0.01241152
0.019454084
0.02042071
0.017784096
0.015411722
0.01421685
0.012010028
0.010921165
0.0076750972
-0.0012966478
-0.0041334261
-0.0039318905
-0.0046146543
-0.0017068827
0.0030944452
0.0069556556
0.0084984271
0.006999836
0.0095228732
0.0080148164
0.0089143259
0.009420118
0.0076818004
0.0052141114
0.0029518299
0.00045474362
-0.0044179832
-0.0085483615
-0.017996957
-0.028155999
-0.033142394
-0.037609003
-0.043737595
-0.050680654
-0.055831008
-0.062914908
-0.064286468
-0.065982662
-0.072441926
-0.078794392
-0.083980149
-0.085001197
-0.082730894
-0.08123347
-0.08045585
-0.075333334
-0.073913246
-0.065728925
-0.061754017
-0.056954163
-0.047925283
-0.040040038
-0.036787152
-0.032634952
-0.028757762
-0.026262265
-0.023869601
-0.015285703
-0.010560285
-0.0041935404
0.00014561716
0.0049570865
0.011627199
0.019870037
0.024852805
0.027303594
0.033362587
0.036940297
0.035801899
0.038813637
0.038966505
0.039990949
0.040576328
0.04064074
0.040039952
0.032565637
0.029008135
0.024911817
0.022026729
0.018243923
0.018436496
0.016846012
0.012330139
0.0095399771
0.0067000246
0.0052773246
0.0030680951
0.0020352905
0.00056201993
-0.00080388726
-0.00078798514
-0.0010197144
-0.0008651428
-0.00052085881
0.00091599338
0.0019269473
0.0034021393
0.0037938392
0.0046428497
0.0051321847
0.0054155471
0.0054871267
0.005810678
0.0055871571
0.0055443682
0.0051062957
0.004743799
0.0047657388
0.0036170205
0.0072758618
0.0080831503
0.0084872517
0.0099165993
0.010415037
0.010860497
0.010297381
0.010981151
0.01157756
0.013753071
0.01277607
0.012285426
0.012412777
0.010971972
0.0070619025
0.0033192168
0.00038689856
-0.00060560487
0.0010936349
0.003282687
0.0048979304
0.0064134952
0.0062732788
0.0063376835
0.0062723278
0.0072718723
0.007194804
0.0077726272
0.0065539223
0.0072016159
0.0088217273
0.0098156858
0.010581662
0.014601398
0.015452236
0.020336612
0.022341947
0.021382269
0.015083421
0.015613798
0.013662831
0.016785925
0.011367301
0.0036788306
-0.004826991
-0.0071281246
-0.00305046
0.0014556296
0.0074284438
0.010657968
0.015227104
0.013392362
0.014280181
0.011005442
0.010041315
0.0091831293
0.0066564333
0.0039887403
0.0029884357
-0.0026572345
-0.0063919974
-0.011166379
-0.013185643
-0.018937964
-0.028006739
-0.035856298
-0.042279228
-0.048877116
-0.058770365
-0.068050193
-0.072942777
-0.07488909
-0.070764714
-0.065499242
-0.066287786
-0.073833425
-0.081569863
-0.078454072
-0.074574979
-0.069367125
-0.067955507
-0.063462253
-0.056759994
-0.051665089
-0.039523796
-0.034380669
-0.030565241
-0.037388248
-0.040206883
-0.035255127
-0.029902459
-0.024023729
-0.01196698
-0.0078839631
-0.0040102693
0.0046622987
0.011056227
0.018877521
0.024506918
0.029856456
0.034014572
0.039263949
0.042977024
0.044778655
0.043457161
0.042792012
0.043846841
0.043505918
0.04043261
0.038649155
0.033253119
0.027600302
0.023099105
0.019248961
0.016590753
0.012942832
0.010837558
0.0076640522
0.0061428216
0.0043474837
0.0038152639
0.0032209077
0.002002901
0.00084343759
-0.00025072504
-0.0001289894
-0.00031614828
0.00024448453
0.0011747962
0.0022765892
0.0029374329
0.0033201575
0.003610691
0.004029926
0.0048048602
0.0055043135
0.0059668393
0.0067921246
0.0073733141
0.0081345031
0.0084258843
0.0078971228
0.0096195491
0.0097363324
0.0063449508
0.0059565845
0.0059575854
0.0069655559
0.0086486383
0.0098722521
0.013042527
0.013077367
0.014099557
0.012035864
0.013331194
0.016225609
0.016087471
0.014435044
0.01128873
0.0047698052
0.0007367146
0.00081653099
0.0033707061
0.0055432481
0.006276658
0.0068872856
0.0069104864
0.0079065114
0.0078184845
0.0084717435
0.008301534
0.0092964157
0.0089294865
0.0094716879
0.01230659
0.013196587
0.014974913
0.016438862
0.017010382
0.02001835
0.020938188
0.017152763
0.014798891
0.014364942
0.013295917
0.015030348
0.0097020073
0.0035216826
-0.0081521104
-0.011648549
-0.0059318576
0.0016868811
0.0084221317
0.012631152
0.01605494
0.014968866
0.011383867
0.0093463709
0.0090314372
0.0077971605
0.0043692161
0.00070769383
-0.0041505695
-0.0047352344
-0.010178457
-0.014512459
-0.020037256
-0.023761273
-0.031023141
-0.041561407
-0.049835783
-0.059370597
-0.071292969
-0.076652169
-0.079102717
-0.072607484
-0.066731372
-0.066798406
-0.069139721
-0.070560821
-0.068025421
-0.061378033
-0.052645045
-0.060079471
-0.058494246
-0.051246137
-0.045847719
-0.035553051
-0.028160146
-0.028080149
-0.025971231
-0.032456392
-0.032621316
-0.024818302
-0.019467944
-0.014250544
-0.012984063
-0.0046488215
0.0048777553
0.011992454
0.018796243
0.023165901
0.028645549
0.033162556
0.037788998
0.039929623
0.042875462
0.045632439
0.044633069
0.041307865
0.041228186
0.038788202
0.036424051
0.032926939
0.028332723
0.02541612
0.020787341
0.017215939
0.014828775
0.011390366
0.0096300727
0.0066038311
0.0053708028
0.0043978341
0.0045630013
0.0046272437
0.0032360725
0.0023591423
0.0025748212
0.002489143
0.0027207834
0.0029304454
0.0034789128
0.0040825819
0.0046519605
0.0046088144
0.0051341356
0.0053864153
0.0059417677
0.0062834625
0.0071307865
0.0073149454
0.0089519991
0.010837676
0.012309033
0.013031047
0.015081581
0.010383937
0.0040160062
0.0046469044
0.006923734
0.009292745
0.0097627502
0.012057661
0.015312073
0.020943542
0.021152047
0.019068745
0.016884016
0.013954682
0.014773805
0.015209764
0.011368908
0.0043294864
0.0016456013
0.0023509493
0.00280946
0.0047703187
0.007535082
0.0081765216
0.0083245548
0.0087812135
0.0085773321
0.0095966811
0.009127476
0.0097874604
0.011369397
0.010697569
0.015035994
0.017132816
0.017360859
0.016416664
0.015352906
0.017908012
0.016093387
0.014433449
0.017182095
0.017863007
0.017282984
0.018585032
0.014282203
0.0064662924
-0.0071118081
-0.010144036
-0.0036544194
0.0017705422
0.0071762579
0.011441687
0.015202926
0.016047353
0.015769379
0.015186545
0.013319501
0.014627109
0.013597416
0.010544928
0.0077913676
0.0050921629
-0.0018781899
-0.0084083901
-0.0147184
-0.024667005
-0.032302179
-0.040959931
-0.052547958
-0.063607077
-0.069133662
-0.069403111
-0.063098561
-0.058239953
-0.055201282
-0.053777703
-0.051105952
-0.054358814
-0.051202131
-0.048511443
-0.049800888
-0.048023546
-0.042106612
-0.038453619
-0.034587132
-0.028675482
-0.02752864
-0.033491634
-0.034503292
-0.034350226
-0.028256051
-0.022954245
-0.012852796
-0.0078402712
-0.0020466847
0.0053812871
0.012968611
0.017515327
0.022522452
0.026810269
0.027516472
0.031009065
0.034587809
0.036470066
0.039924346
0.040375935
0.037003483
0.034618181
0.032162925
0.030228395
0.027967527
0.025465166
0.023123125
0.019729125
0.017209626
0.014823303
0.013234043
0.011899351
0.0097349689
0.0091249483
0.0083008817
0.0069059209
0.0062497107
0.0057530909
0.0055389891
0.0052635682
0.0053532896
0.0060555093
0.0065570384
0.006495252
0.0064795627
0.0070501554
0.0078143684
0.0076135217
0.0074657212
0.0078446804
0.0080257023
0.0082774855
0.0092990575
0.010260459
0.010867345
0.01191911
0.012096952
0.015634618
0.017275742
0.0065556704
0.0042942381
0.0070367888
0.0091154218
0.013601248
0.011630557
0.015323963
0.019986975
0.023533393
0.022934494
0.021129314
0.018308901
0.018021802
0.017168706
0.015453317
0.0084524236
0.0046205198
0.0038753851
0.0041614227
0.0060739831
0.006276854
0.0074842923
0.0095120289
0.0094555759
0.010713277
0.0099299401
0.010901088
0.011092798
0.012952425
0.013829718
0.014757778
0.016498322
0.017929748
0.017779631
0.014009237
0.014398913
0.014732912
0.015171294
0.016362899
0.017391818
0.019494714
0.01982754
0.019094206
0.014362027
0.0071324709
-0.002346045
-0.0047244396
0.0017847121
0.0037830901
0.0052025474
0.0081239967
0.012800932
0.016720257
0.019563137
0.021687783
0.021747248
0.021747956
0.021744177
0.019747456
0.019438257
0.013115593
0.0087565188
0.001311038
-0.0066719714
-0.016043315
-0.026458493
-0.037873502
-0.048474497
-0.056956495
-0.05817317
-0.057701295
-0.054125554
-0.057070056
-0.057253674
-0.054178538
-0.050757045
-0.05334355
-0.053370602
-0.048238759
-0.048127943
-0.046670406
-0.046888205
-0.04114202
-0.042840212
-0.040130544
-0.040149777
-0.035549266
-0.03311567
-0.030220108
-0.024571897
-0.01831202
-0.01136866
-0.0048619051
-0.00068980756
0.0046333588
0.0093990065
0.015631697
0.0196646
0.021004385
0.021465395
0.024026663
0.025364393
0.028148799
0.029251378
0.029933477
0.027776019
0.026562983
0.023445096
0.021029833
0.019751933
0.01662184
0.016324424
0.014338276
0.013880669
0.012402128
0.011422076
0.010442276
0.0083144522
0.007499396
0.0076914853
0.0070724344
0.0060605717
0.0064697656
0.0061637411
0.0052557913
0.0058566031
0.0070634988
0.0073426588
0.0075214275
0.0080465958
0.0085346589
0.0087441337
0.0082733553
0.0080166803
0.0077946688
0.0082200944
0.008626287
0.0095861865
0.0095346985
0.0093379863
0.0093816655
0.0088370616
0.013032084
0.015705048
0.0082235398
0.0041169852
0.0056540055
0.010667593
0.015230351
0.014848922
0.015203371
0.016282297
0.016555929
0.016691321
0.016920906
0.015144578
0.012966489
0.010221016
0.006374802
0.0036595202
0.0033912212
0.0048219441
0.0063098796
0.0085233084
0.0079130952
0.008299239
0.010190033
0.011879381
0.012925055
0.012934556
0.01282765
0.014027872
0.014958556
0.016505672
0.016918879
0.016389005
0.017990621
0.018954762
0.014775906
0.015991431
0.016410006
0.017442921
0.019221793
0.018437419
0.020041639
0.023712333
0.021297231
0.016567624
0.0075892505
-6.6134325e-06
-0.0010082546
0.0025359344
0.0050221264
0.0056801015
0.0075823349
0.010849776
0.014933688
0.018446804
0.021591837
0.023593291
0.021511343
0.021066562
0.01863175
0.016741532
0.012386921
0.008152938
0.0011822574
-0.0035219631
-0.010744756
-0.021903789
-0.03267531
-0.044198055
-0.051455036
-0.053552297
-0.051551483
-0.0553648
-0.058990796
-0.057118012
-0.057835883
-0.053473777
-0.053357268
-0.052364001
-0.043794931
-0.045917424
-0.046218
-0.04281925
-0.04108435
-0.042947116
-0.037425578
-0.03542778
-0.0328988
-0.031228727
-0.029027709
-0.023990577
-0.018124059
-0.013646341
-0.0069009231
-0.0051834136
-9.4006618e-05
0.0033415629
0.0057337302
0.006412701
0.0080984168
0.0097434074
0.010730775
0.015081167
0.017622184
0.018073688
0.021159794
0.020382736
0.017554569
0.015497372
0.01346187
0.011702166
0.011335513
0.011593679
0.010808832
0.010033112
0.0088829177
0.0068488331
0.0068708487
0.0052624386
0.0050410248
0.0050500792
0.005306435
0.0042669342
0.0043620272
0.0041059043
0.0038297447
0.0040785378
0.0050354879
0.0040563489
0.0042920821
0.0056657408
0.0058754809
0.0063767758
0.0056905192
0.004853737
0.0052397884
0.0063622251
0.0066569409
0.0068670913
0.0066269203
0.0054383739
0.0056780569
0.0066266271
0.0077100304
0.0091936121
0.0075812904
0.003433738
0.0015607505
0.0070019558
0.0096012304
0.012308681
0.011885896
0.0087307329
0.0074687302
0.0083822544
0.0088586018
0.0081824441
0.0056985681
0.0033847409
0.0018899276
0.001890298
0.0010125181
0.0048502707
0.0074584462
0.0076874551
0.0074901993
0.010066874
0.011087929
0.010904811
0.012645084
0.015652633
0.013175597
0.014844029
0.017829154
0.017804553
0.018109343
0.017936041
0.018749052
0.018463514
0.017005205
0.016886507
0.016509385
0.017699345
0.018633086
0.017061177
0.018916829
0.018430258
0.019160001
0.016352005
0.0092908848
0.0017075304
-0.0038216939
-0.0028369754
-0.00049359373
4.7994104e-05
0.001951514
0.0035014052
0.0064790966
0.0099577303
0.014350596
0.015920958
0.015853933
0.01393215
0.011472104
0.009103091
0.0056489061
0.001108088
-0.0027291362
-0.0098185573
-0.016940644
-0.024440959
-0.036512251
-0.044530204
-0.050299153
-0.052728893
-0.054797468
-0.055316812
-0.058498712
-0.063300118
-0.065613968
-0.062016519
-0.05610132
-0.046521812
-0.045226461
-0.042951434
-0.042882257
-0.042384438
-0.040025442
-0.034970362
-0.031581274
-0.028386776
-0.026404863
-0.02208681
-0.022013953
-0.019218928
-0.015744847
-0.011454475
-0.010673795
-0.0088902837
-0.0061461899
-0.0038130769
-0.0022389021
-0.00087860938
0.0020672737
0.0025444694
0.0040380924
0.0053565947
0.0093076992
0.010180144
0.011879494
0.013322489
0.011243269
0.010270333
0.0072760964
0.004088494
0.0050924222
0.0046585819
0.0043150075
0.0032107438
0.0016146524
0.00010050918
0.0002172875
-0.0010616773
-0.00074659127
-0.0014849817
-0.0013645433
-0.002934393
-0.0025401383
-0.0022129527
-0.0018254362
-0.00089794572
-0.00075688228
-0.0010901266
-0.0020802314
-0.00017530174
0.00087754258
0.00010939764
0.00087043462
0.0022692765
0.0019901422
0.0019507406
0.0033788968
0.003106275
0.0039505528
0.0037217058
0.0047703426
0.0049559619
0.0033200966
-0.00023809262
0.0012575679
0.0036335687
0.0016487062
0.0012819673
0.001829565
0.0048418502
0.0062323031
0.0036841542
0.0019793157
0.00096970911
0.0014611238
0.00076802495
-0.00030795976
-0.0012891957
-0.0021273429
-0.0014641688
-0.00015320816
0.0016439573
0.0025436002
0.0057758838
0.0084467749
0.0075295707
0.010029212
0.012468635
0.015358363
0.016536428
0.015506259
0.015148741
0.016466957
0.016437868
0.016937602
0.013916752
0.012717535
0.011742018
0.013613063
0.013487946
0.012502514
0.012421001
0.010723695
0.011136744
0.010884349
0.010650614
0.010393327
0.0095785253
0.0082743983
0.0058818679
0.0018431358
-0.00073699863
-0.0016197064
-0.0018612594
-0.00080143236
-0.00015059248
0.0013297913
0.0029802076
0.0041388013
0.0062861005
0.0075240827
0.0061050477
0.004980767
0.0031679756
-0.00057948856
-0.0071459032
-0.010656688
-0.017382396
-0.021735923
-0.028893555
-0.037739829
-0.043951539
-0.049135355
-0.052363857
-0.055279455
-0.054866337
-0.058940411
-0.06068247
-0.064780422
-0.062732523
-0.051033063
-0.045976574
-0.042340396
-0.037701206
-0.036673833
-0.036612309
-0.033898255
-0.026708717
-0.024642531
-0.02279756
-0.018918448
-0.016238156
-0.01312242
-0.011216366
-0.0082052668
-0.005192088
-0.0011343601
-0.0006773173
0.00026280845
0.0021113902
0.0027854675
0.0049172742
0.0082406499
0.0085630075
0.010455073
0.012176377
0.013855265
0.013142421
0.010693626
0.010407082
0.0060185632
0.0026606827
-0.00091961738
-0.0030367263
-0.0029933494
-0.0051742193
-0.0069293928
-0.00947852
-0.0093507722
-0.0090478363
-0.010949804
-0.014291054
-0.01393336
-0.013434859
-0.014293693
-0.014118648
-0.013551532
-0.011716803
-0.01290892
-0.011484496
-0.009396134
-0.0063207464
-0.0047808712
-0.00093538798
0.00030920564
0.00084513116
0.0015640162
0.003157409
0.0020272246
0.0021291733
0.0030365865
0.0030235984
0.0039327197
0.0049649685
0.0043709125
0.003991855
-0.00014602099
-0.0047125622
-0.0029175007
0.00059485664
0.0024775026
0.001448621
0.0015168433
0.0017801406
0.0026551274
0.0007081373
-0.00033885682
-0.001171033
-0.0010143566
-0.0029186232
-0.0030054466
-0.0027829726
-0.0034734732
-0.0010028942
0.000514788
0.0015768945
0.0027636858
0.0051787367
0.0081820158
0.009703492
0.011068864
0.01232077
0.015381731
0.016146
0.015788549
0.015307514
0.014211334
0.013197784
0.012995378
0.012803978
0.011089847
0.010299483
0.0097261246
0.0096864971
0.011591941
0.01156017
0.0093789997
0.0087212111
0.0077041029
0.0077454047
0.0070677718
0.0067264347
0.007155128
0.0087261915
0.0098014475
0.0058313346
0.0012615255
-0.001275265
-0.0027437195
-0.00034793021
0.00071453547
0.001932293
0.0029230914
0.0017873405
0.0031603605
0.0010042511
0.00041148847
-0.0014833986
-0.0051398793
-0.0087170937
-0.012307176
-0.016896196
-0.02374677
-0.029719794
-0.034151185
-0.039485185
-0.042537235
-0.043356507
-0.042864664
-0.043996553
-0.046626344
-0.049114
-0.052092227
-0.051755405
-0.044065867
-0.035908143
-0.031520502
-0.027630951
-0.028397549
-0.028373917
-0.024208485
-0.017538025
-0.013439466
-0.0097338494
-0.010394383
-0.009014581
-0.0068504019
-0.0035706008
0.0011439904
0.0049659047
0.0060276852
0.0085422374
0.0084369521
0.0087423745
0.010419835
0.011838489
0.014744155
0.015021375
0.015984173
0.016590188
0.014060209
0.011566315
0.010548635
0.0071275788
0.0028619354
-0.0011130251
-0.0052279345
-0.0066531162
-0.007134633
-0.010465139
-0.012175781
-0.012639083
-0.013318887
-0.013548381
-0.015350144
-0.016090844
-0.014694921
-0.014419865
-0.015618835
-0.014922161
-0.013475114
-0.014186903
-0.013929491
-0.012923317
-0.010394375
-0.0089869021
-0.0040211357
-0.00017189385
0.0044957577
0.007500182
0.0074559885
0.0067180246
0.0046344841
0.0017480743
0.0014453014
0.0014029265
0.0023646341
0.00071309014
0.0011178175
-0.0010728175
-0.0047565914
-0.0045002316
-0.0019419819
0.0015935833
-0.0019349919
-0.00023791595
-0.00067732299
-0.00070683153
-0.0023732062
-0.004536201
-0.0046399668
-0.0037284719
-0.0025539994
-0.0028728521
-0.0029508354
-0.0023435094
-0.0028288083
-0.0034942659
-0.0024639473
-0.0022158373
0.00079142911
0.0024584429
0.0046920063
0.0086683348
0.012281733
0.015049437
0.015334551
0.015331532
0.018272646
0.018501477
0.017004048
0.015144274
0.013745901
0.016032537
0.014779528
0.011454926
0.0098549967
0.0099966404
0.011028929
0.0097180762
0.009586575
0.0096275158
0.0097417373
0.0077134694
0.0076890764
0.0074663369
0.010165911
0.0093079767
0.012353182
0.011731268
0.0063073768
0.0037477508
0.0028813001
0.0020030004
0.0023114878
0.002965605
0.003595044
0.0032611811
0.0028284858
0.0016820046
-0.00010030078
-0.0021809667
-0.0035913686
-0.005182941
-0.0077155788
-0.012862095
-0.019933878
-0.025584512
-0.027709156
-0.028011798
-0.030387725
-0.028879404
-0.030176827
-0.030794186
-0.033366258
-0.032697951
-0.034435321
-0.032685218
-0.028619394
-0.022536556
-0.019647547
-0.017994974
-0.017255769
-0.015651938
-0.012864133
-0.009057398
-0.0043648948
-0.0020784228
-0.0030406258
-0.0013276512
0.002388167
0.0057688752
0.0079188653
0.010093495
0.011081933
0.012772666
0.012472693
0.01180999
0.01148423
0.013450765
0.01447474
0.016220812
0.015415754
0.015381022
0.011093866
0.0088061823
0.0067699981
0.0049466465
0.0018454669
3.1492943e-05
-0.0030143798
-0.0068111422
-0.008098615
-0.009596625
-0.011539148
-0.012717236
-0.014195046
-0.016180229
-0.016856675
-0.016758286
-0.016146699
-0.014455608
-0.013887195
-0.013814247
-0.013451096
-0.011706618
-0.012445833
-0.011553811
-0.0082373934
-0.0056570165
-0.0013891781
0.00076394027
0.0070178658
0.0090181406
0.010357977
0.0088894581
0.0057066328
0.0036640435
0.0023632598
0.0011443896
0.00072310332
0.0001263283
-0.001196892
-0.0041486963
-0.0029765381
-0.0016756503
0.00024951605
0.00089690273
8.9414204e-05
-0.00041595594
-0.00043198076
-0.0018598786
-0.0028096059
-0.0046703446
-0.0049855484
-0.0043267695
-0.003703585
-0.0038928904
-0.004741347
-0.0051241088
-0.0059001614
-0.0063111662
-0.00581378
-0.0054539524
-0.0039721474
-0.0014952002
0.0011756737
0.004711317
0.0098448129
0.013787515
0.014772498
0.015731792
0.018185269
0.02033784
0.021247928
0.019966802
0.018075584
0.018059229
0.015992995
0.013393781
0.012030375
0.0095877015
0.008961905
0.0078106681
0.009228642
0.0075951302
0.0085946687
0.0082639375
0.00842344
0.0083205109
0.010489352
0.0096914398
0.012351516
0.011731757
0.0086811996
0.0076669085
0.0060877269
0.0061325354
0.0053821798
0.0056258768
0.0043956666
0.0041790667
0.0038590144
0.0042071523
0.0027517859
0.0015848464
-0.00059037371
-0.00097601651
-0.0025466453
-0.0051728353
-0.010605803
-0.014606007
-0.017847485
-0.018920826
-0.019385044
-0.018997312
-0.018560581
-0.0175159
-0.01969623
-0.019904802
-0.018027272
-0.01612766
-0.013533226
-0.011846337
-0.01005551
-0.0068993044
-0.0051813429
-0.0057543684
-0.0044560607
-0.0020219432
0.0008683769
0.0041017642
0.0044025734
0.006104839
0.0082833639
0.010241035
0.01187621
0.012364019
0.011623503
0.012311042
0.012384386
0.012002414
0.012272789
0.012129061
0.012636675
0.012431035
0.011615331
0.0095766859
0.0072684331
0.0053689761
0.0040600392
0.0032590751
0.00068191517
-0.0013197252
-0.0032637143
-0.0063464691
-0.0091197838
-0.010244034
-0.0098370338
-0.01243593
-0.013901536
-0.017000519
-0.018616016
-0.018987168
-0.018339132
-0.016480912
-0.015467949
-0.013243136
-0.011651011
-0.011532964
-0.01184543
-0.0097565844
-0.0075638587
-0.0047751531
-0.0016782356
0.0030337586
0.0064624199
0.0091429148
0.008020038
0.0074645278
0.0069270785
0.0044961618
0.0018069084
0.00098628785
-0.00038252044
-0.0031488053
-0.0027231244
-0.0026390638
-0.00098907054
-0.00043087856
0.0021072363
0.0024392163
0.0013866115
0.00027824579
-0.00017720499
8.1693555e-05
-0.0012998177
-0.0023699209
-0.0025356499
-0.0025969449
-0.0024715124
-0.0030392558
-0.00391263
-0.0041381199
-0.0050427951
-0.0069640658
-0.0071315609
-0.0080075498
-0.0086660389
-0.0069415285
-0.0046473237
-0.00072332139
0.0039317189
0.0071785712
0.010119867
0.014145943
0.015896811
0.019593575
0.020570671
0.02018231
0.020213429
0.017981705
0.01587557
0.01467774
0.013751901
0.012291754
0.010083171
0.00860336
0.0086613032
0.0090476418
0.0089004261
0.0091369182
0.0091444282
0.0086036653
0.0095278773
0.010232573
0.0098506419
0.011042349
0.011129678
0.0095011333
0.0088079414
0.0074797707
0.0073613842
0.0073441484
0.0061812957
0.0051128839
0.0050603928
0.0055041388
0.0047451089
0.004341604
0.0033328456
0.0030014026
0.0015275623
0.00035480832
-0.002572675
-0.0058848642
-0.0085962469
-0.009629838
-0.011189134
-0.009934873
-0.0086669417
-0.0091136769
-0.010117611
-0.011167339
-0.0088647279
-0.0074462591
-0.0072769437
-0.0051543411
-0.0040292839
-0.0012860311
0.0012957116
0.00041295138
-0.00013623602
0.0010389187
0.0030656502
0.0048621253
0.0070299354
0.0093010922
0.0099515429
0.0098960054
0.010962115
0.011373774
0.010367524
0.0092206529
0.008787464
0.0080999208
0.0074302713
0.0074666452
0.0077692288
0.0073964795
0.0066954157
0.0051749235
0.0046491149
0.0029141208
0.0012567953
-7.8614804e-05
-0.0024992575
-0.0034240501
-0.0044828906
-0.0083091219
-0.010321113
-0.011017138
-0.010764398
-0.011524104
-0.012869905
-0.013606085
-0.014942898
-0.016178375
-0.015351961
-0.01492101
-0.014446394
-0.014009843
-0.013422566
-0.01190413
-0.010814926
-0.01034302
-0.010717159
-0.0082259145
-0.0036373756
-0.00069393582
0.002045766
0.0049939281
0.0054254609
0.0054973022
0.0056514725
0.0042661382
0.00083883851
-0.0015505476
-0.0015840825
-0.0034071533
-0.0033194319
-0.0017101946
0.00031452129
0.0021326638
0.0023630359
0.0033968795
0.0023793926
0.0014885217
0.0014858481
0.00093069803
0.00061494592
1.883657e-06
-0.00068458299
-0.0012320639
-0.0015480453
-0.0022030181
-0.0033499756
-0.0045884242
-0.0050133912
-0.0062671819
-0.007096257
-0.0075114306
-0.0079835915
-0.0081511766
-0.0082510276
-0.0068472487
-0.0035531119
0.00084659144
0.0029076881
0.0054973867
0.010607119
0.013345717
0.01639572
0.017937008
0.01830096
0.012996259
0.013795999
0.012376147
0.011526232
0.01098451
0.011316319
0.0098763086
0.0098199799
0.0094869388
0.0093528745
0.009556541
0.0093145354
0.0106998
0.011191914
0.011779138
0.011110266
0.013755369
0.014106066
0.013119048
0.012439873
0.011488784
0.011459774
0.01034928
0.0097211563
0.0089706224
0.0081404342
0.0075082852
0.0071293426
0.0067830484
0.006096613
0.0058472667
0.0054464489
0.0047882666
0.0029977292
0.0013231363
-0.0016534126
-0.0031233565
-0.0041155389
-0.0029321407
-0.0018172513
-0.0026621594
-0.0022518201
-0.0023671417
-0.0041999665
-0.0042164219
-0.0036754017
-0.0026508683
-0.00050163209
0.0013123646
0.0043550033
0.0028918723
0.0012146564
0.00080199724
0.0021568756
0.0043129495
0.0045226417
0.0067309785
0.0080050144
0.0082230558
0.0082628981
0.0079065787
0.0078507366
0.0078052393
0.0073680734
0.0060009036
0.0047922509
0.004865785
0.0054716055
0.0054653349
0.0045542604
0.0043775843
0.0035435197
0.0033303871
0.0016568578
-2.460406e-05
-0.002177851
-0.004171032
-0.0061590841
-0.0082151287
-0.0098342951
-0.010998012
-0.0096386145
-0.0088925005
-0.0097915432
-0.0091282297
-0.0086330463
-0.0095068916
-0.0083977751
-0.009454047
-0.010722731
-0.010939606
-0.0096418398
-0.010233611
-0.0092424934
-0.0097504037
-0.0096415608
-0.0088837097
-0.0049763801
-0.002235953
-9.9090504e-05
0.0013624819
0.0035985672
0.0053393743
0.0040448035
0.0044499061
0.0014927257
0.00099283925
0.00024480324
-0.00060950024
-0.00025947027
0.0002438984
0.00096444292
0.003037343
0.0024260293
0.002420726
0.0019884936
0.0013818153
0.0017757861
0.00085276485
0.00088363679
0.0010546167
0.00039067125
-0.000478846
-0.0010099379
-0.0012891425
-0.0013962932
-0.0032256748
-0.0046905276
-0.0052815773
-0.0062568032
-0.0059621124
-0.0063261523
-0.0059830468
-0.0058388222
-0.0061438228
-0.0042386583
-0.0013394619
0.00054021141
0.0021371016
0.0047685023
0.0065504999
0.0084788691
0.010778902
0.012487547
